%YAML:1.0
R: !!opencv-matrix
   rows: 3
   cols: 3
   dt: d
   data: [ 9.9998765001955736e-01, -1.7396139407375537e-03,
       4.6554861937821096e-03, 1.6204308680861240e-03,
       9.9967394167279977e-01, 2.5483024627571130e-02,
       -4.6982988586357433e-03, -2.5475166019181008e-02,
       9.9966441464329925e-01 ]
T: !!opencv-matrix
   rows: 3
   cols: 1
   dt: d
   data: [ -1.2284973053497236e-01, 6.0570299676626009e-04,
       3.3904228496320779e-03 ]
R1: !!opencv-matrix
   rows: 3
   cols: 3
   dt: d
   data: [ 9.9971653040959896e-01, -5.9630346112495517e-03,
       -2.3049968416867392e-02, 6.2566082166449176e-03,
       9.9989996356286615e-01, 1.2685334863624205e-02,
       2.2972019489303840e-02, -1.2825953578736686e-02,
       9.9965383070109770e-01 ]
R2: !!opencv-matrix
   rows: 3
   cols: 3
   dt: d
   data: [ 9.9960724849840721e-01, -4.9285017017795816e-03,
       -2.7587290922075798e-02, 4.5761474330205413e-03,
       9.9990733695520184e-01, -1.2820935138572853e-02,
       2.7647922600350091e-02, 1.2689656186508309e-02,
       9.9953717539757025e-01 ]
P1: !!opencv-matrix
   rows: 3
   cols: 4
   dt: d
   data: [ 4.2237732666591620e+02, 0., 4.0481835556030273e+02, 0., 0.,
       4.2237732666591620e+02, 2.2834331512451172e+02, 0., 0., 0., 1.,
       0. ]
P2: !!opencv-matrix
   rows: 3
   cols: 4
   dt: d
   data: [ 4.2237732666591620e+02, 0., 4.0481835556030273e+02,
       -5.1909328231599439e+01, 0., 4.2237732666591620e+02,
       2.2834331512451172e+02, 0., 0., 0., 1., 0. ]
Q: !!opencv-matrix
   rows: 4
   cols: 4
   dt: d
   data: [ 1., 0., 0., -4.0481835556030273e+02, 0., 1., 0.,
       -2.2834331512451172e+02, 0., 0., 0., 4.2237732666591620e+02, 0.,
       0., 8.1368289872955231e+00, 0. ]
