%YAML:1.0
%10.31 2017
R: !!opencv-matrix
   rows: 3
   cols: 3
   dt: d
   data: [ 9.9984858256238407e-01, -9.5100282998922658e-03,
       1.4572965028666935e-02, 9.5632096039176429e-03,
       9.9994784869175068e-01, -3.5839808608853049e-03,
       -1.4538121270062326e-02, 3.7228025028065962e-03,
       9.9988738554472323e-01 ]
T: !!opencv-matrix
   rows: 3
   cols: 1
   dt: d
   data: [ -1.2321226890129801e-01, -5.5982145214340643e-04,
       3.0311453871250955e-04 ]
R1: !!opencv-matrix
   rows: 3
   cols: 3
   dt: d
   data: [ 9.9991445199487528e-01, -4.9758044805475387e-03,
       1.2096696307657855e-02, 4.9980235948736060e-03,
       9.9998587669452832e-01, -1.8072552727288426e-03,
       -1.2087532913437173e-02, 1.8675602392111796e-03,
       9.9992519908582134e-01 ]
R2: !!opencv-matrix
   rows: 3
   cols: 3
   dt: d
   data: [ 9.9998665228439765e-01, 4.5434921765328158e-03,
       -2.4600674553709309e-03, -4.5389642477974192e-03,
       9.9998800043837921e-01, 1.8430363017360681e-03,
       2.4684117566579050e-03, -1.8318455431845931e-03,
       9.9999527563149293e-01 ]
P1: !!opencv-matrix
   rows: 3
   cols: 4
   dt: d
   data: [ 6.3916600546670350e+02, 0., 3.6928258514404297e+02, 0., 0.,
       6.3916600546670350e+02, 2.7359516906738281e+02, 0., 0., 0., 1.,
       0. ]
P2: !!opencv-matrix
   rows: 3
   cols: 4
   dt: d
   data: [ 6.3916600546670350e+02, 0., 3.6928258514404297e+02,
       -7.8754144926060974e+01, 0., 6.3916600546670350e+02,
       2.7359516906738281e+02, 0., 0., 0., 1., 0. ]
Q: !!opencv-matrix
   rows: 4
   cols: 4
   dt: d
   data: [ 1., 0., 0., -3.6928258514404297e+02, 0., 1., 0.,
       -2.7359516906738281e+02, 0., 0., 0., 6.3916600546670350e+02, 0.,
       0., 8.1159665445773079e+00, 0. ]
