%YAML:1.0
R: !!opencv-matrix
   rows: 3
   cols: 3
   dt: d
   data: [ 9.9995232858190741e-01, -4.2345537710106324e-03,
       -8.7982451648942403e-03, 4.3012734768027774e-03,
       9.9996203375689030e-01, 7.5782643963939415e-03,
       8.7658205605019197e-03, -7.6157467883536355e-03,
       9.9993257812252367e-01 ]
T: !!opencv-matrix
   rows: 3
   cols: 1
   dt: d
   data: [ -1.2290758116722618e-01, -1.1324083723180498e-04,
       2.2000294215143387e-03 ]
R1: !!opencv-matrix
   rows: 3
   cols: 3
   dt: d
   data: [ 9.9963882836766804e-01, -3.1764082262955204e-03,
       -2.6685637532119000e-02, 3.2783237362330468e-03,
       9.9998749625011885e-01, 3.7762331626916799e-03,
       2.6673309003499485e-02, -3.8623534533343143e-03,
       9.9963674242827083e-01 ]
R2: !!opencv-matrix
   rows: 3
   cols: 3
   dt: d
   data: [ 9.9983941161996148e-01, 9.2120153202883913e-04,
       -1.7896993020801243e-02, -9.8955759448513566e-04,
       9.9999224874199388e-01, -3.8109358033913670e-03,
       1.7893343656690243e-02, 3.8280339167464377e-03,
       9.9983257318868923e-01 ]
P1: !!opencv-matrix
   rows: 3
   cols: 4
   dt: d
   data: [ 4.3220084599653205e+02, 0., 3.7201383590698242e+02, 0., 0.,
       4.3220084599653205e+02, 2.5831772613525391e+02, 0., 0., 0., 1.,
       0. ]
P2: !!opencv-matrix
   rows: 3
   cols: 4
   dt: d
   data: [ 4.3220084599653205e+02, 0., 3.7201383590698242e+02,
       -5.3129292506878862e+01, 0., 4.3220084599653205e+02,
       2.5831772613525391e+02, 0., 0., 0., 1., 0. ]
Q: !!opencv-matrix
   rows: 4
   cols: 4
   dt: d
   data: [ 1., 0., 0., -3.7201383590698242e+02, 0., 1., 0.,
       -2.5831772613525391e+02, 0., 0., 0., 4.3220084599653205e+02, 0.,
       0., 8.1348880363986282e+00, 0. ]
