%YAML:1.0
M1: !!opencv-matrix
   rows: 3
   cols: 3
   dt: d
   data: [ 4.4361127053889271e+02, 0., 3.9108354597248581e+02, 0.,
       4.4361127053889271e+02, 2.2461942552131600e+02, 0., 0., 1. ]
D1: !!opencv-matrix
   rows: 1
   cols: 5
   dt: d
   data: [ -3.3283069380698532e-01, 1.4089816001172498e-01, 0., 0., 0. ]
M2: !!opencv-matrix
   rows: 3
   cols: 3
   dt: d
   data: [ 4.4361127053889271e+02, 0., 3.9164713245949406e+02, 0.,
       4.4361127053889271e+02, 2.2663251769074461e+02, 0., 0., 1. ]
D2: !!opencv-matrix
   rows: 1
   cols: 5
   dt: d
   data: [ -2.9335953326100456e-01, 7.7356859983651244e-02, 0., 0., 0. ]
