%YAML:1.0
%10.31 2017
M1: !!opencv-matrix
   rows: 3
   cols: 3
   dt: d
   data: [ 6.5494526588137887e+02, 0., 3.7619464387058895e+02, 0.,
       6.5532994086255678e+02, 2.6008271929621679e+02, 0., 0., 1. ]
D1: !!opencv-matrix
   rows: 1
   cols: 5
   dt: d
   data: [ -4.3305118098082268e-01, 3.3816832397172586e-01,
       -5.4181830779111162e-04, -1.0846886990621509e-03,
       -2.3113463185856731e-01 ]
M2: !!opencv-matrix
   rows: 3
   cols: 3
   dt: d
   data: [ 6.5010151541658979e+02, 0., 3.7092807613879677e+02, 0.,
       6.5008737126496453e+02, 2.6930975644541246e+02, 0., 0., 1. ]
D2: !!opencv-matrix
   rows: 1
   cols: 5
   dt: d
   data: [ -4.1756206600687795e-01, 2.5847349555376631e-01,
       6.3633887921066723e-04, 2.2910876251708199e-03,
       -1.0167648755768814e-01 ]
