%YAML:1.0
M1: !!opencv-matrix
   rows: 3
   cols: 3
   dt: d
   data: [ 4.4683755298012966e+02, 0., 3.5561172808220130e+02, 0.,
       4.4683755298012966e+02, 2.5633831929157594e+02, 0., 0., 1. ]
D1: !!opencv-matrix
   rows: 1
   cols: 5
   dt: d
   data: [ -3.2400467502468938e-01, 1.0872436330626803e-01, 0., 0., 0. ]
M2: !!opencv-matrix
   rows: 3
   cols: 3
   dt: d
   data: [ 4.4683755298012966e+02, 0., 3.4930232699794925e+02, 0.,
       4.4683755298012966e+02, 2.6659514864978831e+02, 0., 0., 1. ]
D2: !!opencv-matrix
   rows: 1
   cols: 5
   dt: d
   data: [ -3.1545803731761313e-01, 1.0056429676125687e-01, 0., 0., 0. ]
